x-axis,3
second,Volt
-100.00000E+00,
-99.95000E+00,
-99.90000E+00,
-99.85000E+00,-3.76511E+00
-99.80000E+00,-3.76471E+00
-99.75000E+00,-3.76511E+00
-99.70000E+00,-3.76511E+00
-99.65000E+00,-3.76601E+00
-99.60000E+00,-3.76511E+00
-99.55000E+00,-3.76380E+00
-99.50000E+00,-3.76350E+00
-99.45000E+00,-3.76511E+00
-99.40000E+00,-3.76672E+00
-99.35000E+00,-3.76410E+00
-99.30000E+00,-3.76631E+00
-99.25000E+00,-3.76350E+00
-99.20000E+00,-3.76350E+00
-99.15000E+00,-3.76410E+00
-99.10000E+00,-3.76440E+00
-99.05000E+00,-3.76471E+00
-99.00000E+00,-3.76501E+00
-98.95000E+00,-3.76541E+00
-98.90000E+00,-3.76410E+00
-98.85000E+00,-3.76410E+00
-98.80000E+00,-3.76511E+00
-98.75000E+00,-3.76662E+00
-98.70000E+00,-3.76511E+00
-98.65000E+00,-3.76440E+00
-98.60000E+00,-3.76350E+00
-98.55000E+00,-3.76511E+00
-98.50000E+00,-3.76501E+00
-98.45000E+00,-3.76380E+00
-98.40000E+00,-3.76350E+00
-98.35000E+00,-3.76410E+00
-98.30000E+00,-3.76410E+00
-98.25000E+00,-3.76350E+00
-98.20000E+00,-3.76511E+00
-98.15000E+00,-3.76440E+00
-98.10000E+00,-3.76260E+00
-98.05000E+00,-3.76350E+00
-98.00000E+00,-3.76511E+00
-97.95000E+00,-3.76350E+00
-97.90000E+00,-3.76350E+00
-97.85000E+00,-3.76571E+00
-97.80000E+00,-3.76511E+00
-97.75000E+00,-3.76511E+00
-97.70000E+00,-3.76350E+00
-97.65000E+00,-3.76440E+00
-97.60000E+00,-3.76511E+00
-97.55000E+00,-3.76471E+00
-97.50000E+00,-3.76350E+00
-97.45000E+00,-3.76380E+00
-97.40000E+00,-3.76571E+00
-97.35000E+00,-3.76410E+00
-97.30000E+00,-3.76350E+00
-97.25000E+00,-3.76350E+00
-97.20000E+00,-3.76631E+00
-97.15000E+00,-3.76440E+00
-97.10000E+00,-3.76410E+00
-97.05000E+00,-3.76511E+00
-97.00000E+00,-3.76350E+00
-96.95000E+00,-3.76511E+00
-96.90000E+00,-3.76380E+00
-96.85000E+00,-3.76350E+00
-96.80000E+00,-3.76380E+00
-96.75000E+00,-3.76350E+00
-96.70000E+00,-3.76631E+00
-96.65000E+00,-3.76350E+00
-96.60000E+00,-3.76350E+00
-96.55000E+00,-3.76350E+00
-96.50000E+00,-3.76501E+00
-96.45000E+00,-3.76511E+00
-96.40000E+00,-3.76471E+00
-96.35000E+00,-3.76350E+00
-96.30000E+00,-3.76440E+00
-96.25000E+00,-3.76199E+00
-96.20000E+00,-3.76350E+00
-96.15000E+00,-3.76410E+00
-96.10000E+00,-3.76350E+00
-96.05000E+00,-3.76471E+00
-96.00000E+00,-3.76511E+00
-95.95000E+00,-3.76541E+00
-95.90000E+00,-3.76410E+00
-95.85000E+00,-3.76410E+00
-95.80000E+00,-3.76410E+00
-95.75000E+00,-3.76199E+00
-95.70000E+00,-3.76541E+00
-95.65000E+00,-3.76350E+00
-95.60000E+00,-3.76350E+00
-95.55000E+00,-3.76511E+00
-95.50000E+00,-3.76501E+00
-95.45000E+00,-3.76260E+00
-95.40000E+00,-3.76410E+00
-95.35000E+00,-3.76511E+00
-95.30000E+00,-3.76350E+00
-95.25000E+00,-3.76350E+00
-95.20000E+00,-3.76380E+00
-95.15000E+00,-3.76511E+00
-95.10000E+00,-3.76601E+00
-95.05000E+00,-3.76511E+00
-95.00000E+00,-3.76511E+00
-94.95000E+00,-3.76380E+00
-94.90000E+00,-3.76350E+00
-94.85000E+00,-3.76511E+00
-94.80000E+00,-3.76511E+00
-94.75000E+00,-3.76511E+00
-94.70000E+00,-3.76229E+00
-94.65000E+00,-3.76511E+00
-94.60000E+00,-3.76601E+00
-94.55000E+00,-3.76380E+00
-94.50000E+00,-3.76511E+00
-94.45000E+00,-3.76511E+00
-94.40000E+00,-3.76440E+00
-94.35000E+00,-3.76440E+00
-94.30000E+00,-3.76631E+00
-94.25000E+00,-3.76350E+00
-94.20000E+00,-3.76541E+00
-94.15000E+00,-3.76440E+00
-94.10000E+00,-3.76631E+00
-94.05000E+00,-3.76320E+00
-94.00000E+00,-3.76501E+00
-93.95000E+00,-3.76511E+00
-93.90000E+00,-3.76471E+00
-93.85000E+00,-3.76320E+00
-93.80000E+00,-3.76471E+00
-93.75000E+00,-3.76350E+00
-93.70000E+00,-3.76631E+00
-93.65000E+00,-3.76350E+00
-93.60000E+00,-3.76571E+00
-93.55000E+00,-3.76290E+00
-93.50000E+00,-3.76662E+00
-93.45000E+00,-3.76290E+00
-93.40000E+00,-3.76350E+00
-93.35000E+00,-3.76471E+00
-93.30000E+00,-3.76541E+00
-93.25000E+00,-3.76350E+00
-93.20000E+00,-3.76350E+00
-93.15000E+00,-3.76380E+00
-93.10000E+00,-3.76601E+00
-93.05000E+00,-3.76672E+00
-93.00000E+00,-3.76350E+00
-92.95000E+00,-3.76380E+00
-92.90000E+00,-3.76471E+00
-92.85000E+00,-3.76471E+00
-92.80000E+00,-3.76893E+00
-92.75000E+00,-3.76511E+00
-92.70000E+00,-3.76380E+00
-92.65000E+00,-3.76410E+00
-92.60000E+00,-3.76471E+00
-92.55000E+00,-3.76631E+00
-92.50000E+00,-3.76822E+00
-92.45000E+00,-3.76471E+00
-92.40000E+00,-3.76511E+00
-92.35000E+00,-3.76440E+00
-92.30000E+00,-3.76511E+00
-92.25000E+00,-3.76662E+00
-92.20000E+00,-3.76380E+00
-92.15000E+00,-3.76440E+00
-92.10000E+00,-3.76440E+00
-92.05000E+00,-3.76350E+00
-92.00000E+00,-3.76822E+00
-91.95000E+00,-3.76471E+00
-91.90000E+00,-3.76511E+00
-91.85000E+00,-3.76440E+00
-91.80000E+00,-3.76792E+00
-91.75000E+00,-3.76199E+00
-91.70000E+00,-3.76631E+00
-91.65000E+00,-3.76350E+00
-91.60000E+00,-3.76440E+00
-91.55000E+00,-3.76440E+00
-91.50000E+00,-3.76350E+00
-91.45000E+00,-3.76229E+00
-91.40000E+00,-3.76511E+00
-91.35000E+00,-3.76440E+00
-91.30000E+00,-3.76350E+00
-91.25000E+00,-3.76501E+00
-91.20000E+00,-3.76410E+00
-91.15000E+00,-3.76350E+00
-91.10000E+00,-3.76440E+00
-91.05000E+00,-3.76380E+00
-91.00000E+00,-3.76511E+00
-90.95000E+00,-3.76380E+00
-90.90000E+00,-3.76350E+00
-90.85000E+00,-3.76290E+00
-90.80000E+00,-3.76350E+00
-90.75000E+00,-3.76501E+00
-90.70000E+00,-3.76229E+00
-90.65000E+00,-3.76290E+00
-90.60000E+00,-3.76672E+00
-90.55000E+00,-3.76702E+00
-90.50000E+00,-3.76350E+00
-90.45000E+00,-3.76440E+00
-90.40000E+00,-3.76631E+00
-90.35000E+00,-3.76702E+00
-90.30000E+00,-3.76440E+00
-90.25000E+00,-3.76350E+00
-90.20000E+00,-3.76511E+00
-90.15000E+00,-3.76440E+00
-90.10000E+00,-3.76672E+00
-90.05000E+00,-3.76380E+00
-90.00000E+00,-3.76350E+00
-89.95000E+00,-3.76380E+00
-89.90000E+00,-3.76410E+00
-89.85000E+00,-3.76320E+00
-89.80000E+00,-3.76471E+00
-89.75000E+00,-3.76662E+00
-89.70000E+00,-3.76672E+00
-89.65000E+00,-3.76440E+00
-89.60000E+00,-3.76571E+00
-89.55000E+00,-3.76260E+00
-89.50000E+00,-3.76662E+00
-89.45000E+00,-3.76350E+00
-89.40000E+00,-3.76571E+00
-89.35000E+00,-3.76511E+00
-89.30000E+00,-3.76380E+00
-89.25000E+00,-3.76511E+00
-89.20000E+00,-3.76471E+00
-89.15000E+00,-3.76511E+00
-89.10000E+00,-3.76511E+00
-89.05000E+00,-3.76631E+00
-89.00000E+00,-3.76501E+00
-88.95000E+00,-3.76410E+00
-88.90000E+00,-3.76410E+00
-88.85000E+00,-3.76410E+00
-88.80000E+00,-3.76380E+00
-88.75000E+00,-3.76350E+00
-88.70000E+00,-3.76541E+00
-88.65000E+00,-3.76702E+00
-88.60000E+00,-3.76672E+00
-88.55000E+00,-3.76440E+00
-88.50000E+00,-3.76511E+00
-88.45000E+00,-3.76471E+00
-88.40000E+00,-3.76511E+00
-88.35000E+00,-3.76410E+00
-88.30000E+00,-3.76440E+00
-88.25000E+00,-3.76511E+00
-88.20000E+00,-3.76380E+00
-88.15000E+00,-3.76571E+00
-88.10000E+00,-3.76440E+00
-88.05000E+00,-3.76471E+00
-88.00000E+00,-3.76672E+00
-87.95000E+00,-3.76511E+00
-87.90000E+00,-3.76511E+00
-87.85000E+00,-3.76511E+00
-87.80000E+00,-3.76631E+00
-87.75000E+00,-3.76511E+00
-87.70000E+00,-3.76471E+00
-87.65000E+00,-3.76410E+00
-87.60000E+00,-3.76541E+00
-87.55000E+00,-3.76440E+00
-87.50000E+00,-3.76662E+00
-87.45000E+00,-3.76541E+00
-87.40000E+00,-3.76410E+00
-87.35000E+00,-3.76440E+00
-87.30000E+00,-3.76471E+00
-87.25000E+00,-3.76350E+00
-87.20000E+00,-3.76410E+00
-87.15000E+00,-3.76511E+00
-87.10000E+00,-3.76601E+00
-87.05000E+00,-3.76511E+00
-87.00000E+00,-3.76350E+00
-86.95000E+00,-3.76631E+00
-86.90000E+00,-3.76410E+00
-86.85000E+00,-3.76410E+00
-86.80000E+00,-3.76511E+00
-86.75000E+00,-3.76350E+00
-86.70000E+00,-3.76410E+00
-86.65000E+00,-3.76410E+00
-86.60000E+00,-3.76511E+00
-86.55000E+00,-3.76471E+00
-86.50000E+00,-3.76511E+00
-86.45000E+00,-3.76511E+00
-86.40000E+00,-3.76541E+00
-86.35000E+00,-3.76511E+00
-86.30000E+00,-3.76511E+00
-86.25000E+00,-3.76511E+00
-86.20000E+00,-3.76410E+00
-86.15000E+00,-3.76672E+00
-86.10000E+00,-3.76571E+00
-86.05000E+00,-3.76380E+00
-86.00000E+00,-3.76350E+00
-85.95000E+00,-3.76511E+00
-85.90000E+00,-3.76350E+00
-85.85000E+00,-3.76440E+00
-85.80000E+00,-3.76380E+00
-85.75000E+00,-3.76501E+00
-85.70000E+00,-3.76380E+00
-85.65000E+00,-3.76511E+00
-85.60000E+00,-3.76571E+00
-85.55000E+00,-3.76601E+00
-85.50000E+00,-3.76511E+00
-85.45000E+00,-3.76380E+00
-85.40000E+00,-3.76440E+00
-85.35000E+00,-3.76541E+00
-85.30000E+00,-3.76631E+00
-85.25000E+00,-3.76511E+00
-85.20000E+00,-3.76511E+00
-85.15000E+00,-3.76380E+00
-85.10000E+00,-3.76440E+00
-85.05000E+00,-3.76471E+00
-85.00000E+00,-3.76662E+00
-84.95000E+00,-3.76631E+00
-84.90000E+00,-3.76350E+00
-84.85000E+00,-3.76571E+00
-84.80000E+00,-3.76511E+00
-84.75000E+00,-3.76511E+00
-84.70000E+00,-3.76380E+00
-84.65000E+00,-3.76511E+00
-84.60000E+00,-3.76511E+00
-84.55000E+00,-3.76541E+00
-84.50000E+00,-3.76501E+00
-84.45000E+00,-3.76631E+00
-84.40000E+00,-3.76511E+00
-84.35000E+00,-3.76350E+00
-84.30000E+00,-3.76541E+00
-84.25000E+00,-3.76822E+00
-84.20000E+00,-3.76380E+00
-84.15000E+00,-3.76511E+00
-84.10000E+00,-3.76601E+00
-84.05000E+00,-3.76380E+00
-84.00000E+00,-3.76350E+00
-83.95000E+00,-3.76350E+00
-83.90000E+00,-3.76541E+00
-83.85000E+00,-3.76350E+00
-83.80000E+00,-3.76471E+00
-83.75000E+00,-3.76350E+00
-83.70000E+00,-3.76541E+00
-83.65000E+00,-3.76672E+00
-83.60000E+00,-3.76601E+00
-83.55000E+00,-3.76159E+00
-83.50000E+00,-3.76350E+00
-83.45000E+00,-3.76350E+00
-83.40000E+00,-3.76350E+00
-83.35000E+00,-3.76511E+00
-83.30000E+00,-3.76471E+00
-83.25000E+00,-3.76672E+00
-83.20000E+00,-3.76380E+00
-83.15000E+00,-3.76601E+00
-83.10000E+00,-3.76511E+00
-83.05000E+00,-3.76350E+00
-83.00000E+00,-3.76511E+00
-82.95000E+00,-3.76601E+00
-82.90000E+00,-3.76571E+00
-82.85000E+00,-3.76571E+00
-82.80000E+00,-3.76601E+00
-82.75000E+00,-3.76511E+00
-82.70000E+00,-3.76380E+00
-82.65000E+00,-3.76410E+00
-82.60000E+00,-3.76511E+00
-82.55000E+00,-3.76471E+00
-82.50000E+00,-3.76501E+00
-82.45000E+00,-3.76601E+00
-82.40000E+00,-3.76350E+00
-82.35000E+00,-3.76863E+00
-82.30000E+00,-3.76260E+00
-82.25000E+00,-3.76350E+00
-82.20000E+00,-3.76672E+00
-82.15000E+00,-3.76440E+00
-82.10000E+00,-3.76511E+00
-82.05000E+00,-3.76320E+00
-82.00000E+00,-3.76350E+00
-81.95000E+00,-3.76511E+00
-81.90000E+00,-3.76601E+00
-81.85000E+00,-3.76571E+00
-81.80000E+00,-3.76631E+00
-81.75000E+00,-3.76511E+00
-81.70000E+00,-3.76471E+00
-81.65000E+00,-3.76440E+00
-81.60000E+00,-3.76601E+00
-81.55000E+00,-3.76511E+00
-81.50000E+00,-3.76662E+00
-81.45000E+00,-3.76631E+00
-81.40000E+00,-3.76702E+00
-81.35000E+00,-3.76440E+00
-81.30000E+00,-3.76511E+00
-81.25000E+00,-3.76350E+00
-81.20000E+00,-3.76601E+00
-81.15000E+00,-3.76672E+00
-81.10000E+00,-3.76440E+00
-81.05000E+00,-3.76511E+00
-81.00000E+00,-3.76511E+00
-80.95000E+00,-3.76571E+00
-80.90000E+00,-3.76541E+00
-80.85000E+00,-3.76511E+00
-80.80000E+00,-3.76541E+00
-80.75000E+00,-3.76662E+00
-80.70000E+00,-3.76601E+00
-80.65000E+00,-3.76571E+00
-80.60000E+00,-3.76511E+00
-80.55000E+00,-3.76601E+00
-80.50000E+00,-3.76350E+00
-80.45000E+00,-3.76410E+00
-80.40000E+00,-3.76762E+00
-80.35000E+00,-3.76511E+00
-80.30000E+00,-3.76380E+00
-80.25000E+00,-3.76350E+00
-80.20000E+00,-3.76511E+00
-80.15000E+00,-3.76440E+00
-80.10000E+00,-3.76410E+00
-80.05000E+00,-3.76541E+00
-80.00000E+00,-3.76672E+00
-79.95000E+00,-3.76631E+00
-79.90000E+00,-3.76410E+00
-79.85000E+00,-3.76541E+00
-79.80000E+00,-3.76511E+00
-79.75000E+00,-3.76501E+00
-79.70000E+00,-3.76410E+00
-79.65000E+00,-3.76511E+00
-79.60000E+00,-3.76410E+00
-79.55000E+00,-3.76350E+00
-79.50000E+00,-3.76350E+00
-79.45000E+00,-3.76511E+00
-79.40000E+00,-3.76440E+00
-79.35000E+00,-3.76511E+00
-79.30000E+00,-3.76511E+00
-79.25000E+00,-3.76511E+00
-79.20000E+00,-3.76511E+00
-79.15000E+00,-3.76350E+00
-79.10000E+00,-3.76511E+00
-79.05000E+00,-3.76511E+00
-79.00000E+00,-3.76511E+00
-78.95000E+00,-3.76511E+00
-78.90000E+00,-3.76511E+00
-78.85000E+00,-3.76440E+00
-78.80000E+00,-3.76380E+00
-78.75000E+00,-3.76501E+00
-78.70000E+00,-3.76631E+00
-78.65000E+00,-3.76511E+00
-78.60000E+00,-3.76350E+00
-78.55000E+00,-3.76571E+00
-78.50000E+00,-3.76662E+00
-78.45000E+00,-3.76762E+00
-78.40000E+00,-3.76571E+00
-78.35000E+00,-3.76471E+00
-78.30000E+00,-3.76511E+00
-78.25000E+00,-3.76511E+00
-78.20000E+00,-3.76631E+00
-78.15000E+00,-3.76410E+00
-78.10000E+00,-3.76511E+00
-78.05000E+00,-3.76511E+00
-78.00000E+00,-3.76501E+00
-77.95000E+00,-3.76471E+00
-77.90000E+00,-3.76541E+00
-77.85000E+00,-3.76410E+00
-77.80000E+00,-3.76471E+00
-77.75000E+00,-3.76501E+00
-77.70000E+00,-3.76511E+00
-77.65000E+00,-3.76410E+00
-77.60000E+00,-3.76380E+00
-77.55000E+00,-3.76471E+00
-77.50000E+00,-3.76350E+00
-77.45000E+00,-3.76511E+00
-77.40000E+00,-3.76601E+00
-77.35000E+00,-3.76601E+00
-77.30000E+00,-3.76511E+00
-77.25000E+00,-3.76350E+00
-77.20000E+00,-3.76471E+00
-77.15000E+00,-3.76350E+00
-77.10000E+00,-3.76511E+00
-77.05000E+00,-3.76672E+00
-77.00000E+00,-3.76501E+00
-76.95000E+00,-3.76631E+00
-76.90000E+00,-3.76350E+00
-76.85000E+00,-3.76511E+00
-76.80000E+00,-3.76672E+00
-76.75000E+00,-3.76662E+00
-76.70000E+00,-3.76380E+00
-76.65000E+00,-3.76471E+00
-76.60000E+00,-3.76511E+00
-76.55000E+00,-3.76511E+00
-76.50000E+00,-3.76662E+00
-76.45000E+00,-3.76380E+00
-76.40000E+00,-3.76440E+00
-76.35000E+00,-3.76601E+00
-76.30000E+00,-3.76380E+00
-76.25000E+00,-3.76511E+00
-76.20000E+00,-3.76380E+00
-76.15000E+00,-3.76410E+00
-76.10000E+00,-3.76260E+00
-76.05000E+00,-3.76350E+00
-76.00000E+00,-3.76350E+00
-75.95000E+00,-3.76471E+00
-75.90000E+00,-3.76471E+00
-75.85000E+00,-3.76511E+00
-75.80000E+00,-3.76511E+00
-75.75000E+00,-3.76511E+00
-75.70000E+00,-3.76410E+00
-75.65000E+00,-3.76571E+00
-75.60000E+00,-3.76440E+00
-75.55000E+00,-3.76511E+00
-75.50000E+00,-3.76662E+00
-75.45000E+00,-3.76350E+00
-75.40000E+00,-3.76631E+00
-75.35000E+00,-3.76511E+00
-75.30000E+00,-3.76290E+00
-75.25000E+00,-3.76662E+00
-75.20000E+00,-3.76471E+00
-75.15000E+00,-3.76511E+00
-75.10000E+00,-3.76440E+00
-75.05000E+00,-3.76380E+00
-75.00000E+00,-3.76350E+00
-74.95000E+00,-3.76410E+00
-74.90000E+00,-3.76260E+00
-74.85000E+00,-3.76631E+00
-74.80000E+00,-3.76511E+00
-74.75000E+00,-3.76199E+00
-74.70000E+00,-3.76471E+00
-74.65000E+00,-3.76410E+00
-74.60000E+00,-3.76440E+00
-74.55000E+00,-3.76511E+00
-74.50000E+00,-3.76672E+00
-74.45000E+00,-3.76511E+00
-74.40000E+00,-3.76601E+00
-74.35000E+00,-3.76511E+00
-74.30000E+00,-3.76511E+00
-74.25000E+00,-3.76350E+00
-74.20000E+00,-3.76471E+00
-74.15000E+00,-3.76471E+00
-74.10000E+00,-3.76571E+00
-74.05000E+00,-3.76511E+00
-74.00000E+00,-3.76350E+00
-73.95000E+00,-3.76350E+00
-73.90000E+00,-3.76290E+00
-73.85000E+00,-3.76541E+00
-73.80000E+00,-3.76541E+00
-73.75000E+00,-3.76350E+00
-73.70000E+00,-3.76511E+00
-73.65000E+00,-3.76471E+00
-73.60000E+00,-3.76440E+00
-73.55000E+00,-3.76541E+00
-73.50000E+00,-3.76511E+00
-73.45000E+00,-3.76380E+00
-73.40000E+00,-3.76320E+00
-73.35000E+00,-3.76511E+00
-73.30000E+00,-3.76440E+00
-73.25000E+00,-3.76350E+00
-73.20000E+00,-3.76511E+00
-73.15000E+00,-3.76471E+00
-73.10000E+00,-3.76410E+00
-73.05000E+00,-3.76732E+00
-73.00000E+00,-3.76672E+00
-72.95000E+00,-3.76511E+00
-72.90000E+00,-3.76672E+00
-72.85000E+00,-3.76541E+00
-72.80000E+00,-3.76410E+00
-72.75000E+00,-3.76511E+00
-72.70000E+00,-3.76380E+00
-72.65000E+00,-3.76672E+00
-72.60000E+00,-3.76410E+00
-72.55000E+00,-3.76229E+00
-72.50000E+00,-3.76511E+00
-72.45000E+00,-3.76260E+00
-72.40000E+00,-3.76571E+00
-72.35000E+00,-3.76440E+00
-72.30000E+00,-3.76410E+00
-72.25000E+00,-3.76350E+00
-72.20000E+00,-3.76410E+00
-72.15000E+00,-3.76410E+00
-72.10000E+00,-3.76601E+00
-72.05000E+00,-3.76631E+00
-72.00000E+00,-3.76511E+00
-71.95000E+00,-3.76380E+00
-71.90000E+00,-3.76511E+00
-71.85000E+00,-3.76350E+00
-71.80000E+00,-3.76380E+00
-71.75000E+00,-3.76501E+00
-71.70000E+00,-3.76631E+00
-71.65000E+00,-3.76440E+00
-71.60000E+00,-3.76350E+00
-71.55000E+00,-3.76320E+00
-71.50000E+00,-3.76501E+00
-71.45000E+00,-3.76350E+00
-71.40000E+00,-3.76290E+00
-71.35000E+00,-3.76189E+00
-71.30000E+00,-3.76189E+00
-71.25000E+00,-3.76350E+00
-71.20000E+00,-3.76229E+00
-71.15000E+00,-3.76290E+00
-71.10000E+00,-3.76129E+00
-71.05000E+00,-3.76260E+00
-71.00000E+00,-3.76199E+00
-70.95000E+00,-3.76189E+00
-70.90000E+00,-3.76189E+00
-70.85000E+00,-3.76290E+00
-70.80000E+00,-3.76350E+00
-70.75000E+00,-3.76189E+00
-70.70000E+00,-3.76189E+00
-70.65000E+00,-3.76189E+00
-70.60000E+00,-3.76129E+00
-70.55000E+00,-3.76069E+00
-70.50000E+00,-3.76189E+00
-70.45000E+00,-3.76159E+00
-70.40000E+00,-3.76028E+00
-70.35000E+00,-3.76099E+00
-70.30000E+00,-3.76229E+00
-70.25000E+00,-3.75878E+00
-70.20000E+00,-3.76350E+00
-70.15000E+00,-3.76099E+00
-70.10000E+00,-3.76069E+00
-70.05000E+00,-3.76028E+00
-70.00000E+00,-3.76028E+00
-69.95000E+00,-3.76069E+00
-69.90000E+00,-3.76229E+00
-69.85000E+00,-3.76028E+00
-69.80000E+00,-3.75868E+00
-69.75000E+00,-3.76028E+00
-69.70000E+00,-3.76069E+00
-69.65000E+00,-3.76028E+00
-69.60000E+00,-3.76129E+00
-69.55000E+00,-3.75968E+00
-69.50000E+00,-3.76350E+00
-69.45000E+00,-3.76189E+00
-69.40000E+00,-3.76028E+00
-69.35000E+00,-3.76028E+00
-69.30000E+00,-3.76380E+00
-69.25000E+00,-3.76038E+00
-69.20000E+00,-3.76129E+00
-69.15000E+00,-3.76129E+00
-69.10000E+00,-3.75837E+00
-69.05000E+00,-3.76129E+00
-69.00000E+00,-3.75717E+00
-68.95000E+00,-3.75968E+00
-68.90000E+00,-3.75837E+00
-68.85000E+00,-3.75968E+00
-68.80000E+00,-3.76159E+00
-68.75000E+00,-3.75868E+00
-68.70000E+00,-3.75908E+00
-68.65000E+00,-3.75968E+00
-68.60000E+00,-3.76129E+00
-68.55000E+00,-3.75837E+00
-68.50000E+00,-3.76028E+00
-68.45000E+00,-3.76028E+00
-68.40000E+00,-3.75938E+00
-68.35000E+00,-3.75998E+00
-68.30000E+00,-3.75998E+00
-68.25000E+00,-3.76189E+00
-68.20000E+00,-3.75998E+00
-68.15000E+00,-3.76129E+00
-68.10000E+00,-3.76099E+00
-68.05000E+00,-3.76028E+00
-68.00000E+00,-3.76028E+00
-67.95000E+00,-3.76028E+00
-67.90000E+00,-3.75938E+00
-67.85000E+00,-3.75998E+00
-67.80000E+00,-3.75868E+00
-67.75000E+00,-3.75878E+00
-67.70000E+00,-3.76028E+00
-67.65000E+00,-3.76028E+00
-67.60000E+00,-3.75868E+00
-67.55000E+00,-3.75707E+00
-67.50000E+00,-3.76028E+00
-67.45000E+00,-3.75998E+00
-67.40000E+00,-3.76028E+00
-67.35000E+00,-3.75837E+00
-67.30000E+00,-3.76028E+00
-67.25000E+00,-3.75707E+00
-67.20000E+00,-3.75908E+00
-67.15000E+00,-3.76028E+00
-67.10000E+00,-3.75938E+00
-67.05000E+00,-3.75616E+00
-67.00000E+00,-3.75868E+00
-66.95000E+00,-3.76028E+00
-66.90000E+00,-3.75777E+00
-66.85000E+00,-3.75807E+00
-66.80000E+00,-3.75777E+00
-66.75000E+00,-3.76028E+00
-66.70000E+00,-3.76129E+00
-66.65000E+00,-3.75807E+00
-66.60000E+00,-3.75938E+00
-66.55000E+00,-3.75807E+00
-66.50000E+00,-3.75878E+00
-66.45000E+00,-3.75998E+00
-66.40000E+00,-3.75837E+00
-66.35000E+00,-3.75677E+00
-66.30000E+00,-3.75837E+00
-66.25000E+00,-3.75868E+00
-66.20000E+00,-3.75747E+00
-66.15000E+00,-3.75968E+00
-66.10000E+00,-3.75868E+00
-66.05000E+00,-3.75938E+00
-66.00000E+00,-3.75717E+00
-65.95000E+00,-3.76028E+00
-65.90000E+00,-3.75938E+00
-65.85000E+00,-3.75777E+00
-65.80000E+00,-3.75747E+00
-65.75000E+00,-3.75868E+00
-65.70000E+00,-3.75938E+00
-65.65000E+00,-3.75777E+00
-65.60000E+00,-3.75868E+00
-65.55000E+00,-3.75868E+00
-65.50000E+00,-3.75717E+00
-65.45000E+00,-3.75837E+00
-65.40000E+00,-3.75868E+00
-65.35000E+00,-3.75868E+00
-65.30000E+00,-3.75586E+00
-65.25000E+00,-3.75868E+00
-65.20000E+00,-3.75837E+00
-65.15000E+00,-3.75616E+00
-65.10000E+00,-3.75646E+00
-65.05000E+00,-3.75837E+00
-65.00000E+00,-3.75868E+00
-64.95000E+00,-3.75747E+00
-64.90000E+00,-3.75807E+00
-64.85000E+00,-3.75707E+00
-64.80000E+00,-3.75777E+00
-64.75000E+00,-3.76028E+00
-64.70000E+00,-3.75707E+00
-64.65000E+00,-3.75868E+00
-64.60000E+00,-3.75807E+00
-64.55000E+00,-3.75807E+00
-64.50000E+00,-3.75717E+00
-64.45000E+00,-3.75837E+00
-64.40000E+00,-3.75807E+00
-64.35000E+00,-3.75968E+00
-64.30000E+00,-3.75868E+00
-64.25000E+00,-3.75868E+00
-64.20000E+00,-3.75707E+00
-64.15000E+00,-3.75868E+00
-64.10000E+00,-3.75807E+00
-64.05000E+00,-3.75707E+00
-64.00000E+00,-3.75868E+00
-63.95000E+00,-3.75807E+00
-63.90000E+00,-3.75677E+00
-63.85000E+00,-3.75777E+00
-63.80000E+00,-3.75998E+00
-63.75000E+00,-3.76028E+00
-63.70000E+00,-3.75868E+00
-63.65000E+00,-3.75677E+00
-63.60000E+00,-3.75807E+00
-63.55000E+00,-3.75908E+00
-63.50000E+00,-3.75717E+00
-63.45000E+00,-3.75807E+00
-63.40000E+00,-3.75646E+00
-63.35000E+00,-3.75546E+00
-63.30000E+00,-3.75486E+00
-63.25000E+00,-3.75868E+00
-63.20000E+00,-3.75837E+00
-63.15000E+00,-3.75646E+00
-63.10000E+00,-3.75807E+00
-63.05000E+00,-3.75998E+00
-63.00000E+00,-3.75707E+00
-62.95000E+00,-3.75546E+00
-62.90000E+00,-3.75807E+00
-62.85000E+00,-3.75707E+00
-62.80000E+00,-3.75747E+00
-62.75000E+00,-3.75868E+00
-62.70000E+00,-3.75837E+00
-62.65000E+00,-3.75777E+00
-62.60000E+00,-3.75707E+00
-62.55000E+00,-3.75677E+00
-62.50000E+00,-3.75395E+00
-62.45000E+00,-3.75616E+00
-62.40000E+00,-3.75586E+00
-62.35000E+00,-3.75777E+00
-62.30000E+00,-3.75546E+00
-62.25000E+00,-3.75868E+00
-62.20000E+00,-3.75546E+00
-62.15000E+00,-3.75707E+00
-62.10000E+00,-3.75807E+00
-62.05000E+00,-3.75707E+00
-62.00000E+00,-3.75707E+00
-61.95000E+00,-3.75938E+00
-61.90000E+00,-3.75546E+00
-61.85000E+00,-3.75646E+00
-61.80000E+00,-3.75707E+00
-61.75000E+00,-3.75707E+00
-61.70000E+00,-3.75516E+00
-61.65000E+00,-3.75707E+00
-61.60000E+00,-3.75807E+00
-61.55000E+00,-3.75586E+00
-61.50000E+00,-3.75707E+00
-61.45000E+00,-3.75677E+00
-61.40000E+00,-3.75646E+00
-61.35000E+00,-3.75707E+00
-61.30000E+00,-3.75677E+00
-61.25000E+00,-3.75556E+00
-61.20000E+00,-3.75677E+00
-61.15000E+00,-3.75616E+00
-61.10000E+00,-3.75868E+00
-61.05000E+00,-3.75837E+00
-61.00000E+00,-3.75707E+00
-60.95000E+00,-3.75777E+00
-60.90000E+00,-3.75747E+00
-60.85000E+00,-3.75868E+00
-60.80000E+00,-3.75546E+00
-60.75000E+00,-3.75556E+00
-60.70000E+00,-3.75837E+00
-60.65000E+00,-3.75707E+00
-60.60000E+00,-3.75546E+00
-60.55000E+00,-3.75586E+00
-60.50000E+00,-3.75707E+00
-60.45000E+00,-3.75707E+00
-60.40000E+00,-3.75747E+00
-60.35000E+00,-3.75968E+00
-60.30000E+00,-3.75707E+00
-60.25000E+00,-3.75717E+00
-60.20000E+00,-3.75868E+00
-60.15000E+00,-3.75868E+00
-60.10000E+00,-3.75938E+00
-60.05000E+00,-3.75707E+00
-60.00000E+00,-3.76028E+00
-59.95000E+00,-3.75807E+00
-59.90000E+00,-3.76028E+00
-59.85000E+00,-3.75868E+00
-59.80000E+00,-3.75908E+00
-59.75000E+00,-3.75717E+00
-59.70000E+00,-3.75998E+00
-59.65000E+00,-3.76099E+00
-59.60000E+00,-3.75868E+00
-59.55000E+00,-3.76028E+00
-59.50000E+00,-3.75717E+00
-59.45000E+00,-3.76028E+00
-59.40000E+00,-3.76129E+00
-59.35000E+00,-3.75998E+00
-59.30000E+00,-3.75938E+00
-59.25000E+00,-3.76038E+00
-59.20000E+00,-3.76159E+00
-59.15000E+00,-3.76189E+00
-59.10000E+00,-3.76099E+00
-59.05000E+00,-3.76290E+00
-59.00000E+00,-3.76501E+00
-58.95000E+00,-3.76229E+00
-58.90000E+00,-3.76350E+00
-58.85000E+00,-3.76159E+00
-58.80000E+00,-3.76440E+00
-58.75000E+00,-3.76038E+00
-58.70000E+00,-3.76290E+00
-58.65000E+00,-3.76069E+00
-58.60000E+00,-3.76189E+00
-58.55000E+00,-3.76471E+00
-58.50000E+00,-3.76350E+00
-58.45000E+00,-3.76229E+00
-58.40000E+00,-3.76350E+00
-58.35000E+00,-3.76159E+00
-58.30000E+00,-3.76471E+00
-58.25000E+00,-3.76662E+00
-58.20000E+00,-3.76159E+00
-58.15000E+00,-3.76159E+00
-58.10000E+00,-3.76350E+00
-58.05000E+00,-3.76129E+00
-58.00000E+00,-3.76501E+00
-57.95000E+00,-3.76229E+00
-57.90000E+00,-3.76471E+00
-57.85000E+00,-3.76410E+00
-57.80000E+00,-3.76601E+00
-57.75000E+00,-3.76501E+00
-57.70000E+00,-3.76601E+00
-57.65000E+00,-3.76260E+00
-57.60000E+00,-3.76440E+00
-57.55000E+00,-3.76511E+00
-57.50000E+00,-3.76350E+00
-57.45000E+00,-3.76320E+00
-57.40000E+00,-3.76229E+00
-57.35000E+00,-3.76410E+00
-57.30000E+00,-3.76471E+00
-57.25000E+00,-3.76350E+00
-57.20000E+00,-3.76631E+00
-57.15000E+00,-3.76440E+00
-57.10000E+00,-3.76672E+00
-57.05000E+00,-3.76541E+00
-57.00000E+00,-3.76350E+00
-56.95000E+00,-3.76290E+00
-56.90000E+00,-3.76350E+00
-56.85000E+00,-3.76571E+00
-56.80000E+00,-3.76471E+00
-56.75000E+00,-3.76672E+00
-56.70000E+00,-3.76350E+00
-56.65000E+00,-3.76511E+00
-56.60000E+00,-3.76511E+00
-56.55000E+00,-3.76380E+00
-56.50000E+00,-3.76350E+00
-56.45000E+00,-3.76511E+00
-56.40000E+00,-3.76440E+00
-56.35000E+00,-3.76471E+00
-56.30000E+00,-3.76380E+00
-56.25000E+00,-3.76662E+00
-56.20000E+00,-3.76471E+00
-56.15000E+00,-3.76410E+00
-56.10000E+00,-3.76410E+00
-56.05000E+00,-3.76511E+00
-56.00000E+00,-3.76511E+00
-55.95000E+00,-3.76410E+00
-55.90000E+00,-3.76511E+00
-55.85000E+00,-3.76410E+00
-55.80000E+00,-3.76410E+00
-55.75000E+00,-3.76511E+00
-55.70000E+00,-3.76350E+00
-55.65000E+00,-3.76410E+00
-55.60000E+00,-3.76350E+00
-55.55000E+00,-3.76541E+00
-55.50000E+00,-3.76350E+00
-55.45000E+00,-3.76511E+00
-55.40000E+00,-3.76380E+00
-55.35000E+00,-3.76511E+00
-55.30000E+00,-3.76571E+00
-55.25000E+00,-3.76501E+00
-55.20000E+00,-3.76511E+00
-55.15000E+00,-3.76229E+00
-55.10000E+00,-3.76471E+00
-55.05000E+00,-3.76511E+00
-55.00000E+00,-3.76501E+00
-54.95000E+00,-3.76380E+00
-54.90000E+00,-3.76410E+00
-54.85000E+00,-3.76229E+00
-54.80000E+00,-3.76631E+00
-54.75000E+00,-3.76511E+00
-54.70000E+00,-3.76350E+00
-54.65000E+00,-3.76410E+00
-54.60000E+00,-3.76631E+00
-54.55000E+00,-3.76471E+00
-54.50000E+00,-3.76662E+00
-54.45000E+00,-3.76601E+00
-54.40000E+00,-3.76541E+00
-54.35000E+00,-3.76631E+00
-54.30000E+00,-3.76471E+00
-54.25000E+00,-3.76350E+00
-54.20000E+00,-3.76471E+00
-54.15000E+00,-3.76702E+00
-54.10000E+00,-3.76440E+00
-54.05000E+00,-3.76471E+00
-54.00000E+00,-3.76662E+00
-53.95000E+00,-3.76380E+00
-53.90000E+00,-3.76541E+00
-53.85000E+00,-3.76410E+00
-53.80000E+00,-3.76471E+00
-53.75000E+00,-3.76662E+00
-53.70000E+00,-3.76631E+00
-53.65000E+00,-3.76601E+00
-53.60000E+00,-3.76601E+00
-53.55000E+00,-3.76511E+00
-53.50000E+00,-3.76350E+00
-53.45000E+00,-3.76541E+00
-53.40000E+00,-3.76571E+00
-53.35000E+00,-3.76511E+00
-53.30000E+00,-3.76631E+00
-53.25000E+00,-3.76511E+00
-53.20000E+00,-3.76541E+00
-53.15000E+00,-3.76601E+00
-53.10000E+00,-3.76541E+00
-53.05000E+00,-3.76380E+00
-53.00000E+00,-3.76662E+00
-52.95000E+00,-3.76440E+00
-52.90000E+00,-3.76410E+00
-52.85000E+00,-3.76290E+00
-52.80000E+00,-3.76350E+00
-52.75000E+00,-3.76662E+00
-52.70000E+00,-3.76511E+00
-52.65000E+00,-3.76410E+00
-52.60000E+00,-3.76440E+00
-52.55000E+00,-3.76471E+00
-52.50000E+00,-3.76511E+00
-52.45000E+00,-3.76471E+00
-52.40000E+00,-3.76511E+00
-52.35000E+00,-3.76410E+00
-52.30000E+00,-3.76380E+00
-52.25000E+00,-3.76501E+00
-52.20000E+00,-3.76350E+00
-52.15000E+00,-3.76440E+00
-52.10000E+00,-3.76350E+00
-52.05000E+00,-3.76471E+00
-52.00000E+00,-3.76350E+00
-51.95000E+00,-3.76601E+00
-51.90000E+00,-3.76571E+00
-51.85000E+00,-3.76601E+00
-51.80000E+00,-3.76380E+00
-51.75000E+00,-3.76350E+00
-51.70000E+00,-3.76601E+00
-51.65000E+00,-3.76410E+00
-51.60000E+00,-3.76471E+00
-51.55000E+00,-3.76511E+00
-51.50000E+00,-3.76350E+00
-51.45000E+00,-3.76410E+00
-51.40000E+00,-3.76260E+00
-51.35000E+00,-3.76380E+00
-51.30000E+00,-3.76511E+00
-51.25000E+00,-3.76501E+00
-51.20000E+00,-3.76350E+00
-51.15000E+00,-3.76440E+00
-51.10000E+00,-3.76471E+00
-51.05000E+00,-3.76511E+00
-51.00000E+00,-3.76501E+00
-50.95000E+00,-3.76410E+00
-50.90000E+00,-3.76350E+00
-50.85000E+00,-3.76440E+00
-50.80000E+00,-3.76350E+00
-50.75000E+00,-3.76350E+00
-50.70000E+00,-3.76471E+00
-50.65000E+00,-3.76541E+00
-50.60000E+00,-3.76410E+00
-50.55000E+00,-3.76350E+00
-50.50000E+00,-3.76350E+00
-50.45000E+00,-3.76471E+00
-50.40000E+00,-3.76440E+00
-50.35000E+00,-3.76320E+00
-50.30000E+00,-3.76380E+00
-50.25000E+00,-3.76350E+00
-50.20000E+00,-3.76350E+00
-50.15000E+00,-3.76350E+00
-50.10000E+00,-3.76189E+00
-50.05000E+00,-3.76350E+00
-50.00000E+00,-3.76350E+00
-49.95000E+00,-3.76320E+00
-49.90000E+00,-3.76350E+00
-49.85000E+00,-3.76290E+00
-49.80000E+00,-3.76350E+00
-49.75000E+00,-3.76038E+00
-49.70000E+00,-3.76571E+00
-49.65000E+00,-3.76350E+00
-49.60000E+00,-3.76350E+00
-49.55000E+00,-3.76320E+00
-49.50000E+00,-3.76199E+00
-49.45000E+00,-3.76350E+00
-49.40000E+00,-3.76260E+00
-49.35000E+00,-3.76159E+00
-49.30000E+00,-3.76229E+00
-49.25000E+00,-3.76350E+00
-49.20000E+00,-3.76189E+00
-49.15000E+00,-3.76129E+00
-49.10000E+00,-3.76260E+00
-49.05000E+00,-3.76069E+00
-49.00000E+00,-3.76189E+00
-48.95000E+00,-3.76069E+00
-48.90000E+00,-3.75998E+00
-48.85000E+00,-3.75938E+00
-48.80000E+00,-3.75998E+00
-48.75000E+00,-3.75868E+00
-48.70000E+00,-3.76028E+00
-48.65000E+00,-3.75938E+00
-48.60000E+00,-3.76099E+00
-48.55000E+00,-3.76129E+00
-48.50000E+00,-3.76028E+00
-48.45000E+00,-3.75968E+00
-48.40000E+00,-3.75998E+00
-48.35000E+00,-3.76069E+00
-48.30000E+00,-3.76028E+00
-48.25000E+00,-3.75878E+00
-48.20000E+00,-3.75908E+00
-48.15000E+00,-3.75968E+00
-48.10000E+00,-3.75938E+00
-48.05000E+00,-3.75908E+00
-48.00000E+00,-3.76038E+00
-47.95000E+00,-3.75868E+00
-47.90000E+00,-3.76129E+00
-47.85000E+00,-3.76069E+00
-47.80000E+00,-3.75938E+00
-47.75000E+00,-3.76028E+00
-47.70000E+00,-3.75837E+00
-47.65000E+00,-3.75868E+00
-47.60000E+00,-3.75938E+00
-47.55000E+00,-3.75998E+00
-47.50000E+00,-3.76028E+00
-47.45000E+00,-3.76028E+00
-47.40000E+00,-3.75908E+00
-47.35000E+00,-3.75868E+00
-47.30000E+00,-3.75868E+00
-47.25000E+00,-3.76189E+00
-47.20000E+00,-3.75868E+00
-47.15000E+00,-3.75938E+00
-47.10000E+00,-3.75968E+00
-47.05000E+00,-3.75968E+00
-47.00000E+00,-3.76028E+00
-46.95000E+00,-3.75837E+00
-46.90000E+00,-3.76069E+00
-46.85000E+00,-3.76028E+00
-46.80000E+00,-3.75908E+00
-46.75000E+00,-3.76189E+00
-46.70000E+00,-3.75998E+00
-46.65000E+00,-3.75938E+00
-46.60000E+00,-3.76028E+00
-46.55000E+00,-3.76028E+00
-46.50000E+00,-3.75878E+00
-46.45000E+00,-3.76099E+00
-46.40000E+00,-3.76028E+00
-46.35000E+00,-3.75777E+00
-46.30000E+00,-3.75868E+00
-46.25000E+00,-3.76189E+00
-46.20000E+00,-3.75868E+00
-46.15000E+00,-3.75868E+00
-46.10000E+00,-3.75968E+00
-46.05000E+00,-3.75998E+00
-46.00000E+00,-3.75717E+00
-45.95000E+00,-3.75777E+00
-45.90000E+00,-3.75908E+00
-45.85000E+00,-3.75998E+00
-45.80000E+00,-3.75868E+00
-45.75000E+00,-3.75556E+00
-45.70000E+00,-3.75908E+00
-45.65000E+00,-3.75968E+00
-45.60000E+00,-3.75968E+00
-45.55000E+00,-3.76099E+00
-45.50000E+00,-3.75878E+00
-45.45000E+00,-3.75707E+00
-45.40000E+00,-3.75968E+00
-45.35000E+00,-3.75968E+00
-45.30000E+00,-3.75747E+00
-45.25000E+00,-3.76189E+00
-45.20000E+00,-3.75968E+00
-45.15000E+00,-3.75707E+00
-45.10000E+00,-3.75968E+00
-45.05000E+00,-3.76028E+00
-45.00000E+00,-3.75556E+00
-44.95000E+00,-3.75868E+00
-44.90000E+00,-3.75707E+00
-44.85000E+00,-3.75998E+00
-44.80000E+00,-3.75868E+00
-44.75000E+00,-3.75717E+00
-44.70000E+00,-3.75747E+00
-44.65000E+00,-3.75868E+00
-44.60000E+00,-3.75968E+00
-44.55000E+00,-3.75908E+00
-44.50000E+00,-3.75707E+00
-44.45000E+00,-3.75747E+00
-44.40000E+00,-3.75807E+00
-44.35000E+00,-3.75908E+00
-44.30000E+00,-3.75868E+00
-44.25000E+00,-3.76028E+00
-44.20000E+00,-3.76028E+00
-44.15000E+00,-3.75707E+00
-44.10000E+00,-3.75807E+00
-44.05000E+00,-3.75707E+00
-44.00000E+00,-3.75707E+00
-43.95000E+00,-3.75616E+00
-43.90000E+00,-3.75868E+00
-43.85000E+00,-3.75868E+00
-43.80000E+00,-3.75868E+00
-43.75000E+00,-3.75868E+00
-43.70000E+00,-3.75868E+00
-43.65000E+00,-3.75868E+00
-43.60000E+00,-3.75807E+00
-43.55000E+00,-3.75868E+00
-43.50000E+00,-3.75878E+00
-43.45000E+00,-3.75938E+00
-43.40000E+00,-3.75868E+00
-43.35000E+00,-3.75868E+00
-43.30000E+00,-3.75908E+00
-43.25000E+00,-3.75717E+00
-43.20000E+00,-3.75677E+00
-43.15000E+00,-3.75968E+00
-43.10000E+00,-3.75707E+00
-43.05000E+00,-3.75837E+00
-43.00000E+00,-3.75717E+00
-42.95000E+00,-3.75837E+00
-42.90000E+00,-3.75908E+00
-42.85000E+00,-3.75807E+00
-42.80000E+00,-3.75968E+00
-42.75000E+00,-3.75878E+00
-42.70000E+00,-3.75868E+00
-42.65000E+00,-3.75868E+00
-42.60000E+00,-3.75998E+00
-42.55000E+00,-3.76028E+00
-42.50000E+00,-3.76028E+00
-42.45000E+00,-3.75908E+00
-42.40000E+00,-3.75938E+00
-42.35000E+00,-3.76129E+00
-42.30000E+00,-3.76159E+00
-42.25000E+00,-3.75878E+00
-42.20000E+00,-3.75908E+00
-42.15000E+00,-3.75777E+00
-42.10000E+00,-3.75868E+00
-42.05000E+00,-3.75837E+00
-42.00000E+00,-3.75868E+00
-41.95000E+00,-3.75868E+00
-41.90000E+00,-3.76028E+00
-41.85000E+00,-3.76069E+00
-41.80000E+00,-3.75908E+00
-41.75000E+00,-3.76038E+00
-41.70000E+00,-3.76189E+00
-41.65000E+00,-3.76099E+00
-41.60000E+00,-3.75938E+00
-41.55000E+00,-3.76028E+00
-41.50000E+00,-3.75878E+00
-41.45000E+00,-3.76028E+00
-41.40000E+00,-3.75908E+00
-41.35000E+00,-3.76069E+00
-41.30000E+00,-3.75868E+00
-41.25000E+00,-3.76189E+00
-41.20000E+00,-3.75908E+00
-41.15000E+00,-3.75998E+00
-41.10000E+00,-3.75998E+00
-41.05000E+00,-3.76028E+00
-41.00000E+00,-3.75878E+00
-40.95000E+00,-3.76069E+00
-40.90000E+00,-3.76099E+00
-40.85000E+00,-3.75938E+00
-40.80000E+00,-3.76028E+00
-40.75000E+00,-3.75878E+00
-40.70000E+00,-3.75908E+00
-40.65000E+00,-3.75968E+00
-40.60000E+00,-3.75908E+00
-40.55000E+00,-3.76028E+00
-40.50000E+00,-3.76028E+00
-40.45000E+00,-3.76069E+00
-40.40000E+00,-3.76028E+00
-40.35000E+00,-3.76099E+00
-40.30000E+00,-3.76189E+00
-40.25000E+00,-3.76028E+00
-40.20000E+00,-3.75868E+00
-40.15000E+00,-3.76028E+00
-40.10000E+00,-3.75938E+00
-40.05000E+00,-3.76028E+00
-40.00000E+00,-3.75878E+00
-39.95000E+00,-3.76189E+00
-39.90000E+00,-3.76129E+00
-39.85000E+00,-3.76028E+00
-39.80000E+00,-3.76069E+00
-39.75000E+00,-3.76038E+00
-39.70000E+00,-3.76159E+00
-39.65000E+00,-3.75968E+00
-39.60000E+00,-3.75938E+00
-39.55000E+00,-3.76069E+00
-39.50000E+00,-3.75878E+00
-39.45000E+00,-3.76229E+00
-39.40000E+00,-3.76028E+00
-39.35000E+00,-3.75968E+00
-39.30000E+00,-3.76290E+00
-39.25000E+00,-3.76028E+00
-39.20000E+00,-3.76028E+00
-39.15000E+00,-3.75968E+00
-39.10000E+00,-3.75968E+00
-39.05000E+00,-3.76028E+00
-39.00000E+00,-3.76028E+00
-38.95000E+00,-3.76189E+00
-38.90000E+00,-3.76290E+00
-38.85000E+00,-3.76028E+00
-38.80000E+00,-3.76069E+00
-38.75000E+00,-3.76189E+00
-38.70000E+00,-3.76069E+00
-38.65000E+00,-3.75938E+00
-38.60000E+00,-3.76189E+00
-38.55000E+00,-3.75938E+00
-38.50000E+00,-3.76038E+00
-38.45000E+00,-3.76229E+00
-38.40000E+00,-3.76350E+00
-38.35000E+00,-3.76129E+00
-38.30000E+00,-3.76069E+00
-38.25000E+00,-3.76189E+00
-38.20000E+00,-3.76320E+00
-38.15000E+00,-3.76159E+00
-38.10000E+00,-3.76189E+00
-38.05000E+00,-3.76229E+00
-38.00000E+00,-3.76189E+00
-37.95000E+00,-3.76440E+00
-37.90000E+00,-3.76189E+00
-37.85000E+00,-3.76290E+00
-37.80000E+00,-3.76440E+00
-37.75000E+00,-3.76501E+00
-37.70000E+00,-3.76471E+00
-37.65000E+00,-3.76440E+00
-37.60000E+00,-3.76410E+00
-37.55000E+00,-3.76471E+00
-37.50000E+00,-3.76189E+00
-37.45000E+00,-3.76471E+00
-37.40000E+00,-3.76410E+00
-37.35000E+00,-3.76410E+00
-37.30000E+00,-3.76350E+00
-37.25000E+00,-3.76501E+00
-37.20000E+00,-3.76260E+00
-37.15000E+00,-3.76350E+00
-37.10000E+00,-3.76229E+00
-37.05000E+00,-3.76350E+00
-37.00000E+00,-3.76350E+00
-36.95000E+00,-3.76511E+00
-36.90000E+00,-3.76320E+00
-36.85000E+00,-3.76320E+00
-36.80000E+00,-3.76440E+00
-36.75000E+00,-3.76350E+00
-36.70000E+00,-3.76229E+00
-36.65000E+00,-3.76350E+00
-36.60000E+00,-3.76350E+00
-36.55000E+00,-3.76440E+00
-36.50000E+00,-3.76350E+00
-36.45000E+00,-3.76380E+00
-36.40000E+00,-3.76350E+00
-36.35000E+00,-3.76601E+00
-36.30000E+00,-3.76471E+00
-36.25000E+00,-3.76038E+00
-36.20000E+00,-3.76350E+00
-36.15000E+00,-3.76350E+00
-36.10000E+00,-3.76410E+00
-36.05000E+00,-3.76511E+00
-36.00000E+00,-3.76672E+00
-35.95000E+00,-3.76471E+00
-35.90000E+00,-3.76511E+00
-35.85000E+00,-3.76350E+00
-35.80000E+00,-3.76229E+00
-35.75000E+00,-3.76501E+00
-35.70000E+00,-3.76511E+00
-35.65000E+00,-3.76511E+00
-35.60000E+00,-3.76410E+00
-35.55000E+00,-3.76380E+00
-35.50000E+00,-3.76199E+00
-35.45000E+00,-3.76350E+00
-35.40000E+00,-3.76350E+00
-35.35000E+00,-3.76571E+00
-35.30000E+00,-3.76440E+00
-35.25000E+00,-3.76501E+00
-35.20000E+00,-3.76471E+00
-35.15000E+00,-3.76410E+00
-35.10000E+00,-3.76410E+00
-35.05000E+00,-3.76380E+00
-35.00000E+00,-3.76350E+00
-34.95000E+00,-3.76471E+00
-34.90000E+00,-3.76440E+00
-34.85000E+00,-3.76320E+00
-34.80000E+00,-3.76350E+00
-34.75000E+00,-3.76189E+00
-34.70000E+00,-3.76380E+00
-34.65000E+00,-3.76541E+00
-34.60000E+00,-3.76350E+00
-34.55000E+00,-3.76350E+00
-34.50000E+00,-3.76501E+00
-34.45000E+00,-3.76511E+00
-34.40000E+00,-3.76380E+00
-34.35000E+00,-3.76229E+00
-34.30000E+00,-3.76511E+00
-34.25000E+00,-3.76350E+00
-34.20000E+00,-3.76380E+00
-34.15000E+00,-3.76410E+00
-34.10000E+00,-3.76260E+00
-34.05000E+00,-3.76229E+00
-34.00000E+00,-3.76511E+00
-33.95000E+00,-3.76069E+00
-33.90000E+00,-3.76410E+00
-33.85000E+00,-3.76260E+00
-33.80000E+00,-3.76320E+00
-33.75000E+00,-3.76350E+00
-33.70000E+00,-3.76350E+00
-33.65000E+00,-3.76350E+00
-33.60000E+00,-3.76350E+00
-33.55000E+00,-3.76189E+00
-33.50000E+00,-3.76350E+00
-33.45000E+00,-3.76440E+00
-33.40000E+00,-3.76320E+00
-33.35000E+00,-3.76290E+00
-33.30000E+00,-3.76229E+00
-33.25000E+00,-3.76038E+00
-33.20000E+00,-3.76440E+00
-33.15000E+00,-3.76350E+00
-33.10000E+00,-3.76380E+00
-33.05000E+00,-3.76380E+00
-33.00000E+00,-3.76350E+00
-32.95000E+00,-3.76069E+00
-32.90000E+00,-3.76229E+00
-32.85000E+00,-3.76320E+00
-32.80000E+00,-3.76260E+00
-32.75000E+00,-3.76350E+00
-32.70000E+00,-3.76320E+00
-32.65000E+00,-3.76511E+00
-32.60000E+00,-3.76129E+00
-32.55000E+00,-3.76350E+00
-32.50000E+00,-3.76350E+00
-32.45000E+00,-3.76260E+00
-32.40000E+00,-3.76350E+00
-32.35000E+00,-3.76260E+00
-32.30000E+00,-3.75968E+00
-32.25000E+00,-3.76350E+00
-32.20000E+00,-3.76350E+00
-32.15000E+00,-3.76260E+00
-32.10000E+00,-3.76099E+00
-32.05000E+00,-3.76350E+00
-32.00000E+00,-3.76199E+00
-31.95000E+00,-3.76159E+00
-31.90000E+00,-3.76380E+00
-31.85000E+00,-3.76290E+00
-31.80000E+00,-3.76320E+00
-31.75000E+00,-3.76350E+00
-31.70000E+00,-3.76260E+00
-31.65000E+00,-3.76320E+00
-31.60000E+00,-3.76380E+00
-31.55000E+00,-3.76260E+00
-31.50000E+00,-3.76199E+00
-31.45000E+00,-3.76320E+00
-31.40000E+00,-3.76440E+00
-31.35000E+00,-3.76260E+00
-31.30000E+00,-3.76290E+00
-31.25000E+00,-3.76189E+00
-31.20000E+00,-3.76350E+00
-31.15000E+00,-3.76380E+00
-31.10000E+00,-3.76189E+00
-31.05000E+00,-3.76260E+00
-31.00000E+00,-3.76501E+00
-30.95000E+00,-3.76189E+00
-30.90000E+00,-3.76350E+00
-30.85000E+00,-3.76410E+00
-30.80000E+00,-3.76350E+00
-30.75000E+00,-3.76189E+00
-30.70000E+00,-3.76229E+00
-30.65000E+00,-3.76099E+00
-30.60000E+00,-3.76350E+00
-30.55000E+00,-3.76350E+00
-30.50000E+00,-3.76501E+00
-30.45000E+00,-3.76471E+00
-30.40000E+00,-3.76350E+00
-30.35000E+00,-3.76350E+00
-30.30000E+00,-3.76229E+00
-30.25000E+00,-3.76511E+00
-30.20000E+00,-3.76350E+00
-30.15000E+00,-3.76410E+00
-30.10000E+00,-3.76229E+00
-30.05000E+00,-3.76320E+00
-30.00000E+00,-3.76350E+00
-29.95000E+00,-3.76229E+00
-29.90000E+00,-3.76350E+00
-29.85000E+00,-3.76380E+00
-29.80000E+00,-3.76380E+00
-29.75000E+00,-3.76350E+00
-29.70000E+00,-3.76189E+00
-29.65000E+00,-3.76350E+00
-29.60000E+00,-3.76260E+00
-29.55000E+00,-3.76069E+00
-29.50000E+00,-3.76501E+00
-29.45000E+00,-3.76320E+00
-29.40000E+00,-3.76099E+00
-29.35000E+00,-3.76380E+00
-29.30000E+00,-3.76320E+00
-29.25000E+00,-3.76350E+00
-29.20000E+00,-3.76511E+00
-29.15000E+00,-3.76440E+00
-29.10000E+00,-3.76260E+00
-29.05000E+00,-3.76260E+00
-29.00000E+00,-3.76350E+00
-28.95000E+00,-3.76229E+00
-28.90000E+00,-3.76260E+00
-28.85000E+00,-3.76260E+00
-28.80000E+00,-3.76189E+00
-28.75000E+00,-3.76350E+00
-28.70000E+00,-3.76229E+00
-28.65000E+00,-3.76471E+00
-28.60000E+00,-3.76380E+00
-28.55000E+00,-3.76260E+00
-28.50000E+00,-3.76501E+00
-28.45000E+00,-3.76320E+00
-28.40000E+00,-3.76471E+00
-28.35000E+00,-3.76410E+00
-28.30000E+00,-3.76471E+00
-28.25000E+00,-3.76501E+00
-28.20000E+00,-3.76350E+00
-28.15000E+00,-3.76290E+00
-28.10000E+00,-3.76601E+00
-28.05000E+00,-3.76229E+00
-28.00000E+00,-3.76501E+00
-27.95000E+00,-3.76380E+00
-27.90000E+00,-3.76410E+00
-27.85000E+00,-3.76511E+00
-27.80000E+00,-3.76471E+00
-27.75000E+00,-3.76350E+00
-27.70000E+00,-3.76380E+00
-27.65000E+00,-3.76380E+00
-27.60000E+00,-3.76290E+00
-27.55000E+00,-3.76350E+00
-27.50000E+00,-3.76350E+00
-27.45000E+00,-3.76511E+00
-27.40000E+00,-3.76440E+00
-27.35000E+00,-3.76350E+00
-27.30000E+00,-3.76350E+00
-27.25000E+00,-3.76350E+00
-27.20000E+00,-3.76440E+00
-27.15000E+00,-3.76541E+00
-27.10000E+00,-3.76410E+00
-27.05000E+00,-3.76410E+00
-27.00000E+00,-3.76350E+00
-26.95000E+00,-3.76380E+00
-26.90000E+00,-3.76440E+00
-26.85000E+00,-3.76320E+00
-26.80000E+00,-3.76511E+00
-26.75000E+00,-3.76350E+00
-26.70000E+00,-3.76380E+00
-26.65000E+00,-3.76290E+00
-26.60000E+00,-3.76511E+00
-26.55000E+00,-3.76511E+00
-26.50000E+00,-3.76350E+00
-26.45000E+00,-3.76350E+00
-26.40000E+00,-3.76511E+00
-26.35000E+00,-3.76511E+00
-26.30000E+00,-3.76229E+00
-26.25000E+00,-3.76350E+00
-26.20000E+00,-3.76350E+00
-26.15000E+00,-3.76440E+00
-26.10000E+00,-3.76440E+00
-26.05000E+00,-3.76380E+00
-26.00000E+00,-3.76350E+00
-25.95000E+00,-3.76380E+00
-25.90000E+00,-3.76601E+00
-25.85000E+00,-3.76229E+00
-25.80000E+00,-3.76350E+00
-25.75000E+00,-3.76350E+00
-25.70000E+00,-3.76471E+00
-25.65000E+00,-3.76350E+00
-25.60000E+00,-3.76410E+00
-25.55000E+00,-3.76471E+00
-25.50000E+00,-3.76350E+00
-25.45000E+00,-3.76511E+00
-25.40000E+00,-3.76410E+00
-25.35000E+00,-3.76511E+00
-25.30000E+00,-3.76350E+00
-25.25000E+00,-3.76511E+00
-25.20000E+00,-3.76350E+00
-25.15000E+00,-3.76260E+00
-25.10000E+00,-3.76350E+00
-25.05000E+00,-3.76350E+00
-25.00000E+00,-3.76501E+00
-24.95000E+00,-3.76380E+00
-24.90000E+00,-3.76290E+00
-24.85000E+00,-3.76601E+00
-24.80000E+00,-3.76350E+00
-24.75000E+00,-3.76511E+00
-24.70000E+00,-3.76541E+00
-24.65000E+00,-3.76601E+00
-24.60000E+00,-3.76511E+00
-24.55000E+00,-3.76350E+00
-24.50000E+00,-3.76501E+00
-24.45000E+00,-3.76511E+00
-24.40000E+00,-3.76571E+00
-24.35000E+00,-3.76380E+00
-24.30000E+00,-3.76471E+00
-24.25000E+00,-3.76501E+00
-24.20000E+00,-3.76350E+00
-24.15000E+00,-3.76631E+00
-24.10000E+00,-3.76571E+00
-24.05000E+00,-3.76260E+00
-24.00000E+00,-3.76501E+00
-23.95000E+00,-3.76260E+00
-23.90000E+00,-3.76410E+00
-23.85000E+00,-3.76410E+00
-23.80000E+00,-3.76099E+00
-23.75000E+00,-3.76350E+00
-23.70000E+00,-3.76350E+00
-23.65000E+00,-3.76320E+00
-23.60000E+00,-3.76410E+00
-23.55000E+00,-3.76260E+00
-23.50000E+00,-3.76350E+00
-23.45000E+00,-3.76672E+00
-23.40000E+00,-3.76410E+00
-23.35000E+00,-3.76290E+00
-23.30000E+00,-3.76471E+00
-23.25000E+00,-3.76350E+00
-23.20000E+00,-3.76260E+00
-23.15000E+00,-3.76410E+00
-23.10000E+00,-3.76350E+00
-23.05000E+00,-3.76350E+00
-23.00000E+00,-3.76189E+00
-22.95000E+00,-3.76350E+00
-22.90000E+00,-3.76260E+00
-22.85000E+00,-3.76440E+00
-22.80000E+00,-3.76541E+00
-22.75000E+00,-3.76350E+00
-22.70000E+00,-3.76471E+00
-22.65000E+00,-3.76410E+00
-22.60000E+00,-3.76350E+00
-22.55000E+00,-3.76380E+00
-22.50000E+00,-3.76511E+00
-22.45000E+00,-3.76189E+00
-22.40000E+00,-3.76260E+00
-22.35000E+00,-3.76290E+00
-22.30000E+00,-3.76380E+00
-22.25000E+00,-3.76199E+00
-22.20000E+00,-3.76350E+00
-22.15000E+00,-3.76229E+00
-22.10000E+00,-3.76290E+00
-22.05000E+00,-3.76099E+00
-22.00000E+00,-3.76511E+00
-21.95000E+00,-3.76350E+00
-21.90000E+00,-3.76350E+00
-21.85000E+00,-3.76350E+00
-21.80000E+00,-3.76320E+00
-21.75000E+00,-3.76350E+00
-21.70000E+00,-3.76471E+00
-21.65000E+00,-3.76350E+00
-21.60000E+00,-3.76350E+00
-21.55000E+00,-3.76440E+00
-21.50000E+00,-3.76199E+00
-21.45000E+00,-3.76260E+00
-21.40000E+00,-3.76159E+00
-21.35000E+00,-3.76290E+00
-21.30000E+00,-3.76350E+00
-21.25000E+00,-3.76350E+00
-21.20000E+00,-3.76380E+00
-21.15000E+00,-3.76350E+00
-21.10000E+00,-3.76159E+00
-21.05000E+00,-3.76229E+00
-21.00000E+00,-3.76350E+00
-20.95000E+00,-3.76290E+00
-20.90000E+00,-3.76260E+00
-20.85000E+00,-3.76350E+00
-20.80000E+00,-3.76320E+00
-20.75000E+00,-3.76350E+00
-20.70000E+00,-3.76350E+00
-20.65000E+00,-3.76290E+00
-20.60000E+00,-3.76189E+00
-20.55000E+00,-3.76350E+00
-20.50000E+00,-3.76350E+00
-20.45000E+00,-3.76229E+00
-20.40000E+00,-3.76159E+00
-20.35000E+00,-3.76471E+00
-20.30000E+00,-3.76290E+00
-20.25000E+00,-3.76350E+00
-20.20000E+00,-3.76189E+00
-20.15000E+00,-3.76189E+00
-20.10000E+00,-3.76350E+00
-20.05000E+00,-3.76159E+00
-20.00000E+00,-3.76350E+00
-19.95000E+00,-3.76320E+00
-19.90000E+00,-3.76440E+00
-19.85000E+00,-3.76290E+00
-19.80000E+00,-3.76099E+00
-19.75000E+00,-3.76199E+00
-19.70000E+00,-3.76229E+00
-19.65000E+00,-3.76229E+00
-19.60000E+00,-3.76350E+00
-19.55000E+00,-3.76189E+00
-19.50000E+00,-3.76350E+00
-19.45000E+00,-3.76320E+00
-19.40000E+00,-3.76260E+00
-19.35000E+00,-3.76380E+00
-19.30000E+00,-3.76159E+00
-19.25000E+00,-3.76350E+00
-19.20000E+00,-3.76511E+00
-19.15000E+00,-3.76290E+00
-19.10000E+00,-3.76229E+00
-19.05000E+00,-3.76229E+00
-19.00000E+00,-3.76350E+00
-18.95000E+00,-3.76350E+00
-18.90000E+00,-3.76129E+00
-18.85000E+00,-3.76099E+00
-18.80000E+00,-3.76350E+00
-18.75000E+00,-3.76199E+00
-18.70000E+00,-3.76229E+00
-18.65000E+00,-3.76189E+00
-18.60000E+00,-3.76260E+00
-18.55000E+00,-3.76229E+00
-18.50000E+00,-3.76511E+00
-18.45000E+00,-3.76320E+00
-18.40000E+00,-3.76260E+00
-18.35000E+00,-3.76260E+00
-18.30000E+00,-3.76511E+00
-18.25000E+00,-3.76501E+00
-18.20000E+00,-3.76350E+00
-18.15000E+00,-3.76189E+00
-18.10000E+00,-3.76189E+00
-18.05000E+00,-3.76320E+00
-18.00000E+00,-3.76038E+00
-17.95000E+00,-3.76350E+00
-17.90000E+00,-3.76350E+00
-17.85000E+00,-3.76159E+00
-17.80000E+00,-3.76601E+00
-17.75000E+00,-3.76501E+00
-17.70000E+00,-3.76290E+00
-17.65000E+00,-3.76380E+00
-17.60000E+00,-3.76471E+00
-17.55000E+00,-3.76320E+00
-17.50000E+00,-3.76350E+00
-17.45000E+00,-3.76380E+00
-17.40000E+00,-3.76410E+00
-17.35000E+00,-3.76099E+00
-17.30000E+00,-3.76229E+00
-17.25000E+00,-3.76501E+00
-17.20000E+00,-3.76350E+00
-17.15000E+00,-3.76260E+00
-17.10000E+00,-3.76159E+00
-17.05000E+00,-3.76471E+00
-17.00000E+00,-3.76350E+00
-16.95000E+00,-3.76440E+00
-16.90000E+00,-3.76440E+00
-16.85000E+00,-3.76260E+00
-16.80000E+00,-3.76290E+00
-16.75000E+00,-3.76350E+00
-16.70000E+00,-3.76229E+00
-16.65000E+00,-3.76350E+00
-16.60000E+00,-3.76189E+00
-16.55000E+00,-3.76290E+00
-16.50000E+00,-3.76350E+00
-16.45000E+00,-3.76511E+00
-16.40000E+00,-3.76350E+00
-16.35000E+00,-3.76350E+00
-16.30000E+00,-3.76350E+00
-16.25000E+00,-3.76189E+00
-16.20000E+00,-3.76229E+00
-16.15000E+00,-3.76290E+00
-16.10000E+00,-3.76290E+00
-16.05000E+00,-3.76350E+00
-16.00000E+00,-3.76662E+00
-15.95000E+00,-3.76159E+00
-15.90000E+00,-3.76350E+00
-15.85000E+00,-3.76260E+00
-15.80000E+00,-3.76189E+00
-15.75000E+00,-3.76350E+00
-15.70000E+00,-3.76350E+00
-15.65000E+00,-3.76290E+00
-15.60000E+00,-3.76350E+00
-15.55000E+00,-3.76440E+00
-15.50000E+00,-3.76350E+00
-15.45000E+00,-3.76189E+00
-15.40000E+00,-3.76290E+00
-15.35000E+00,-3.76320E+00
-15.30000E+00,-3.76350E+00
-15.25000E+00,-3.76350E+00
-15.20000E+00,-3.76350E+00
-15.15000E+00,-3.76260E+00
-15.10000E+00,-3.76260E+00
-15.05000E+00,-3.76471E+00
-15.00000E+00,-3.76350E+00
-14.95000E+00,-3.76350E+00
-14.90000E+00,-3.76290E+00
-14.85000E+00,-3.76410E+00
-14.80000E+00,-3.76350E+00
-14.75000E+00,-3.76038E+00
-14.70000E+00,-3.76320E+00
-14.65000E+00,-3.76290E+00
-14.60000E+00,-3.76290E+00
-14.55000E+00,-3.76189E+00
-14.50000E+00,-3.76189E+00
-14.45000E+00,-3.76028E+00
-14.40000E+00,-3.76350E+00
-14.35000E+00,-3.76260E+00
-14.30000E+00,-3.76229E+00
-14.25000E+00,-3.76199E+00
-14.20000E+00,-3.76189E+00
-14.15000E+00,-3.76290E+00
-14.10000E+00,-3.76189E+00
-14.05000E+00,-3.76189E+00
-14.00000E+00,-3.76199E+00
-13.95000E+00,-3.76189E+00
-13.90000E+00,-3.76189E+00
-13.85000E+00,-3.76350E+00
-13.80000E+00,-3.76159E+00
-13.75000E+00,-3.76350E+00
-13.70000E+00,-3.76189E+00
-13.65000E+00,-3.76511E+00
-13.60000E+00,-3.76260E+00
-13.55000E+00,-3.75938E+00
-13.50000E+00,-3.76350E+00
-13.45000E+00,-3.76350E+00
-13.40000E+00,-3.76440E+00
-13.35000E+00,-3.76260E+00
-13.30000E+00,-3.76229E+00
-13.25000E+00,-3.76199E+00
-13.20000E+00,-3.76380E+00
-13.15000E+00,-3.76350E+00
-13.10000E+00,-3.76541E+00
-13.05000E+00,-3.76350E+00
-13.00000E+00,-3.76350E+00
-12.95000E+00,-3.76229E+00
-12.90000E+00,-3.76350E+00
-12.85000E+00,-3.76290E+00
-12.80000E+00,-3.76320E+00
-12.75000E+00,-3.76511E+00
-12.70000E+00,-3.76350E+00
-12.65000E+00,-3.76189E+00
-12.60000E+00,-3.76320E+00
-12.55000E+00,-3.76260E+00
-12.50000E+00,-3.76350E+00
-12.45000E+00,-3.76440E+00
-12.40000E+00,-3.76380E+00
-12.35000E+00,-3.76189E+00
-12.30000E+00,-3.76350E+00
-12.25000E+00,-3.76199E+00
-12.20000E+00,-3.76350E+00
-12.15000E+00,-3.76099E+00
-12.10000E+00,-3.76260E+00
-12.05000E+00,-3.76320E+00
-12.00000E+00,-3.76189E+00
-11.95000E+00,-3.76069E+00
-11.90000E+00,-3.76350E+00
-11.85000E+00,-3.76290E+00
-11.80000E+00,-3.76380E+00
-11.75000E+00,-3.76199E+00
-11.70000E+00,-3.76350E+00
-11.65000E+00,-3.76350E+00
-11.60000E+00,-3.76440E+00
-11.55000E+00,-3.76350E+00
-11.50000E+00,-3.76350E+00
-11.45000E+00,-3.76440E+00
-11.40000E+00,-3.76410E+00
-11.35000E+00,-3.76440E+00
-11.30000E+00,-3.76320E+00
-11.25000E+00,-3.76199E+00
-11.20000E+00,-3.76471E+00
-11.15000E+00,-3.76320E+00
-11.10000E+00,-3.76511E+00
-11.05000E+00,-3.76380E+00
-11.00000E+00,-3.76511E+00
-10.95000E+00,-3.76260E+00
-10.90000E+00,-3.76511E+00
-10.85000E+00,-3.76511E+00
-10.80000E+00,-3.76350E+00
-10.75000E+00,-3.76662E+00
-10.70000E+00,-3.76380E+00
-10.65000E+00,-3.76440E+00
-10.60000E+00,-3.76511E+00
-10.55000E+00,-3.76380E+00
-10.50000E+00,-3.76350E+00
-10.45000E+00,-3.76229E+00
-10.40000E+00,-3.76129E+00
-10.35000E+00,-3.75938E+00
-10.30000E+00,-3.76069E+00
-10.25000E+00,-3.75868E+00
-10.20000E+00,-3.75677E+00
-10.15000E+00,-3.75807E+00
-10.10000E+00,-3.75546E+00
-10.05000E+00,-3.75425E+00
-10.00000E+00,-3.75385E+00
-9.95000E+00,-3.74973E+00
-9.90000E+00,-3.75325E+00
-9.85000E+00,-3.75164E+00
-9.80000E+00,-3.75064E+00
-9.75000E+00,-3.74752E+00
-9.70000E+00,-3.74742E+00
-9.65000E+00,-3.74652E+00
-9.60000E+00,-3.74360E+00
-9.55000E+00,-3.74330E+00
-9.50000E+00,-3.74270E+00
-9.45000E+00,-3.74099E+00
-9.40000E+00,-3.73938E+00
-9.35000E+00,-3.73847E+00
-9.30000E+00,-3.73657E+00
-9.25000E+00,-3.73616E+00
-9.20000E+00,-3.73335E+00
-9.15000E+00,-3.73204E+00
-9.10000E+00,-3.73043E+00
-9.05000E+00,-3.72973E+00
-9.00000E+00,-3.72652E+00
-8.95000E+00,-3.72621E+00
-8.90000E+00,-3.72491E+00
-8.85000E+00,-3.72169E+00
-8.80000E+00,-3.72008E+00
-8.75000E+00,-3.72169E+00
-8.70000E+00,-3.71817E+00
-8.65000E+00,-3.71305E+00
-8.60000E+00,-3.71466E+00
-8.55000E+00,-3.71043E+00
-8.50000E+00,-3.71054E+00
-8.45000E+00,-3.70822E+00
-8.40000E+00,-3.70662E+00
-8.35000E+00,-3.70310E+00
-8.30000E+00,-3.70370E+00
-8.25000E+00,-3.70079E+00
-8.20000E+00,-3.69797E+00
-8.15000E+00,-3.69757E+00
-8.10000E+00,-3.69536E+00
-8.05000E+00,-3.68993E+00
-8.00000E+00,-3.68641E+00
-7.95000E+00,-3.68631E+00
-7.90000E+00,-3.68310E+00
-7.85000E+00,-3.68119E+00
-7.80000E+00,-3.67797E+00
-7.75000E+00,-3.67355E+00
-7.70000E+00,-3.67154E+00
-7.65000E+00,-3.66641E+00
-7.60000E+00,-3.66350E+00
-7.55000E+00,-3.65968E+00
-7.50000E+00,-3.65425E+00
-7.45000E+00,-3.65355E+00
-7.40000E+00,-3.64712E+00
-7.35000E+00,-3.64521E+00
-7.30000E+00,-3.63908E+00
-7.25000E+00,-3.63335E+00
-7.20000E+00,-3.63104E+00
-7.15000E+00,-3.62621E+00
-7.10000E+00,-3.62109E+00
-7.05000E+00,-3.61596E+00
-7.00000E+00,-3.61084E+00
-6.95000E+00,-3.60400E+00
-6.90000E+00,-3.59667E+00
-6.85000E+00,-3.59375E+00
-6.80000E+00,-3.58822E+00
-6.75000E+00,-3.58028E+00
-6.70000E+00,-3.57255E+00
-6.65000E+00,-3.56772E+00
-6.60000E+00,-3.56320E+00
-6.55000E+00,-3.55928E+00
-6.50000E+00,-3.55928E+00
-6.45000E+00,-3.55928E+00
-6.40000E+00,-3.55928E+00
-6.35000E+00,-3.55928E+00
-6.30000E+00,-3.55928E+00
-6.25000E+00,-3.55928E+00
-6.20000E+00,-3.55928E+00
-6.15000E+00,-3.55928E+00
-6.10000E+00,-3.55928E+00
-6.05000E+00,-3.55928E+00
-6.00000E+00,-3.55928E+00
-5.95000E+00,-3.55928E+00
-5.90000E+00,-3.55928E+00
-5.85000E+00,-3.55928E+00
-5.80000E+00,-3.55928E+00
-5.75000E+00,-3.55928E+00
-5.70000E+00,-3.55928E+00
-5.65000E+00,-3.55928E+00
-5.60000E+00,-3.55928E+00
-5.55000E+00,-3.55928E+00
-5.50000E+00,-3.55928E+00
-5.45000E+00,-3.55928E+00
-5.40000E+00,-3.55928E+00
-5.35000E+00,-3.55928E+00
-5.30000E+00,-3.55928E+00
-5.25000E+00,-3.55928E+00
-5.20000E+00,-3.55928E+00
-5.15000E+00,-3.55928E+00
-5.10000E+00,-3.55928E+00
-5.05000E+00,-3.55928E+00
-5.00000E+00,-3.55928E+00
-4.95000E+00,-3.55928E+00
-4.90000E+00,-3.55928E+00
-4.85000E+00,-3.55928E+00
-4.80000E+00,-3.55928E+00
-4.75000E+00,-3.55928E+00
-4.70000E+00,-3.55928E+00
-4.65000E+00,-3.55928E+00
-4.60000E+00,-3.55928E+00
-4.55000E+00,-3.55928E+00
-4.50000E+00,-3.55928E+00
-4.45000E+00,-3.55928E+00
-4.40000E+00,-3.55928E+00
-4.35000E+00,-3.55928E+00
-4.30000E+00,-3.55928E+00
-4.25000E+00,-3.55928E+00
-4.20000E+00,-3.55928E+00
-4.15000E+00,-3.55928E+00
-4.10000E+00,-3.55928E+00
-4.05000E+00,-3.55928E+00
-4.00000E+00,-3.55928E+00
-3.95000E+00,-3.55928E+00
-3.90000E+00,-3.55928E+00
-3.85000E+00,-3.55928E+00
-3.80000E+00,-3.55928E+00
-3.75000E+00,-3.55928E+00
-3.70000E+00,-3.55928E+00
-3.65000E+00,-3.55928E+00
-3.60000E+00,-3.55928E+00
-3.55000E+00,-3.55928E+00
-3.50000E+00,-3.55928E+00
-3.45000E+00,-3.55928E+00
-3.40000E+00,-3.55928E+00
-3.35000E+00,-3.55928E+00
-3.30000E+00,-3.55928E+00
-3.25000E+00,-3.55928E+00
-3.20000E+00,-3.55928E+00
-3.15000E+00,-3.55928E+00
-3.10000E+00,-3.55928E+00
-3.05000E+00,-3.55928E+00
-3.00000E+00,-3.55928E+00
-2.95000E+00,-3.55928E+00
-2.90000E+00,-3.55928E+00
-2.85000E+00,-3.55928E+00
-2.80000E+00,-3.55928E+00
-2.75000E+00,-3.55928E+00
-2.70000E+00,-3.55928E+00
-2.65000E+00,-3.55928E+00
-2.60000E+00,-3.55928E+00
-2.55000E+00,-3.55928E+00
-2.50000E+00,-3.55928E+00
-2.45000E+00,-3.55928E+00
-2.40000E+00,-3.55928E+00
-2.35000E+00,-3.55928E+00
-2.30000E+00,-3.55928E+00
-2.25000E+00,-3.55928E+00
-2.20000E+00,-3.55928E+00
-2.15000E+00,-3.55928E+00
-2.10000E+00,-3.55928E+00
-2.05000E+00,-3.55928E+00
-2.00000E+00,-3.55928E+00
-1.95000E+00,-3.55928E+00
-1.90000E+00,-3.55928E+00
-1.85000E+00,-3.55928E+00
-1.80000E+00,-3.55928E+00
-1.75000E+00,-3.55928E+00
-1.70000E+00,-3.55928E+00
-1.65000E+00,-3.55928E+00
-1.60000E+00,-3.55928E+00
-1.55000E+00,-3.55928E+00
-1.50000E+00,-3.55928E+00
-1.45000E+00,-3.55928E+00
-1.40000E+00,-3.55928E+00
-1.35000E+00,-3.55928E+00
-1.30000E+00,-3.55928E+00
-1.25000E+00,-3.55928E+00
-1.20000E+00,-3.55928E+00
-1.15000E+00,-3.55928E+00
-1.10000E+00,-3.55928E+00
-1.05000E+00,-3.55928E+00
-1.00000E+00,-3.55928E+00
-950.00E-03,-3.55928E+00
-900.00E-03,-3.55928E+00
-850.00E-03,-3.55928E+00
-800.00E-03,-3.55928E+00
-750.00E-03,-3.55928E+00
-700.00E-03,-3.55928E+00
-650.00E-03,-3.55928E+00
-600.00E-03,-3.55928E+00
-550.00E-03,-3.55928E+00
-500.00E-03,-3.55928E+00
-450.00E-03,-3.55928E+00
-400.00E-03,-3.55928E+00
-350.00E-03,-3.55928E+00
-300.00E-03,-3.55928E+00
-250.00E-03,-3.55928E+00
-200.00E-03,-3.55928E+00
-150.00E-03,-3.55928E+00
-100.00E-03,-3.55928E+00
-50.00E-03,-3.55928E+00
